990.0
990.0
980.0
990.0
980.0
1000.0
1020.0
1000.0
1020.0
1000.0
980.0
950.0
930.0
930.0
900.0
870.0
900.0
930.0
910.0
880.0
900.0
880.0
910.0
950.0
910.0
860.0
800.0
740.0
810.0
810.0
880.0
960.0
870.0
790.0
710.0
790.0
720.0
650.0
720.0
660.0
710.0
760.0
820.0
750.0
790.0
770.0
720.0
680.0
990.0
980.0
970.0
950.0
930.0
950.0
970.0
970.0
980.0
990.0
1000.0
990.0
1000.0
990.0
980.0
970.0
980.0
970.0
980.0
970.0
980.0
990.0
980.0
970.0
960.0
950.0
940.0
930.0
920.0
910.0
900.0
910.0
920.0
920.0
910.0
900.0
910.0
900.0
890.0
900.0
890.0
880.0
860.0
900.0
930.0
900.0
860.0
910.0
860.0
970.0
1110.0
1190.0
1180.0
1190.0
1180.0
1170.0
1160.0
1170.0
1160.0
1150.0
1150.0
1140.0
1140.0
1130.0
1120.0
1130.0
1120.0
1120.0
1130.0
1120.0
1120.0
1130.0
1140.0
1140.0
1130.0
1150.0
1120.0
1120.0
1150.0
1110.0
1070.0
1110.0
1140.0
1180.0
1210.0
1160.0
1210.0
1270.0
1340.0
1420.0
1360.0
1440.0
1510.0
1600.0
1520.0
1430.0
1320.0
1440.0
1440.0
1310.0
1430.0
1550.0
1550.0
1720.0
1880.0
1970.0
1970.0
1970.0
1960.0
1950.0
1940.0
1950.0
1940.0
1950.0
1940.0
1950.0
1960.0
1950.0
1940.0
1930.0
1940.0
1950.0
1960.0
1950.0
1950.0
1960.0
1950.0
1940.0
1930.0
1920.0
1930.0
1920.0
1930.0
1920.0
990.0
980.0
990.0
980.0
990.0
980.0
990.0
980.0
970.0
960.0
960.0
980.0
970.0
980.0
1000.0
980.0
1000.0
1000.0
1000.0
970.0
1010.0
990.0
1000.0
990.0
1010.0
1030.0
1060.0
1090.0
1060.0
1090.0
1120.0
1080.0
1030.0
970.0
890.0
970.0
1060.0
1120.0
1180.0
1100.0
1170.0
1260.0
1340.0
1260.0
1190.0
1230.0
1220.0
1225.0
1220.0
1230.0
1230.0
1350.0
1340.0
1340.0
1330.0
1340.0
1350.0
1360.0
1360.0
1370.0
1380.0
1390.0
1380.0
1380.0
1370.0
1350.0
1330.0
1320.0
1310.0
1320.0
1310.0
1300.0
1310.0
1320.0
1315.0
1310.0
1300.0
1290.0
1310.0
1290.0
1260.0
1290.0
1250.0
1290.0
1260.0
1300.0
1360.0
1310.0
1270.0
1300.0
1320.0
1350.0
1320.0
1320.0
1360.0
1420.0
1340.0
1290.0
1320.0
1330.0
1290.0
1280.0
1281.0
1278.5
1268.5
1258.5
1248.5
1258.5
1268.5
1278.5
1288.5
1298.5
1288.5
1278.5
1268.5
1263.5
1273.5
1283.5
1293.5
1303.5
1303.5
1283.5
1263.5
1273.5
1253.5
1233.5
1253.5
1233.5
1213.5
1193.5
1183.5
1203.5
1183.5
1203.5
1183.5
1203.5
1193.5
1183.5
1173.5
1178.5
1188.5
1183.5
1183.5
1193.5
1223.5
1243.5
1233.5
1203.5
1198.5
1208.5
1218.5
1208.5
1228.5
1148.5
1338.5
1508.5
1518.5
1508.5
1513.5
1508.5
1498.5
1503.5
1503.5
1498.5
1493.5
1488.5
1483.5
1478.5
1483.5
1488.5
1483.5
1488.5
1483.5
1480.1666666666667
1485.1666666666667
1480.1666666666667
1485.1666666666667
1485.1666666666667
1481.8333333333335
1484.3333333333335
1487.6666666666667
1491.0
1496.0
1492.6666666666667
1496.0
1492.6666666666667
1496.0
1499.3333333333333
1497.3333333333333
1494.8333333333333
1492.8333333333333
1495.3333333333333
1492.8333333333333
1491.1666666666665
1489.1666666666665
1490.5952380952378
1492.2619047619046
1491.0119047619046
1489.7619047619046
1487.2619047619046
1492.2619047619046
1487.2619047619046
1497.2619047619046
1447.2619047619046
1444.7619047619046
1434.7619047619046
1438.0952380952378
1438.0952380952378
1448.0952380952378
1438.0952380952378
1428.0952380952378
1428.0952380952378
1438.0952380952378
1448.0952380952378
1438.0952380952378
1448.0952380952378
1438.0952380952378
1428.0952380952378
1433.0952380952378
1438.0952380952378
1433.0952380952378
1428.0952380952378
1433.0952380952378
1438.0952380952378
1428.0952380952378
1433.0952380952378
1429.7619047619046
1426.4285714285713
1423.095238095238
1418.095238095238
1414.7619047619048
1409.7619047619048
1404.7619047619048
1404.7619047619048
1401.4285714285716
1398.0952380952383
1401.4285714285716
1398.9285714285716
1397.2619047619048
1399.2619047619048
1399.2619047619048
1401.2619047619048
1402.5119047619048
1401.5119047619048
1402.623015873016
1401.623015873016
1400.623015873016
1401.623015873016
1402.623015873016
1403.623015873016
1404.623015873016
1405.623015873016
1404.623015873016
1404.623015873016
1405.623015873016
1404.623015873016
1403.623015873016
1402.623015873016
1401.1944444444446
1411.1944444444446
1421.1944444444446
1431.1944444444446
1421.1944444444446
1421.1944444444446
1411.1944444444446
1401.1944444444446
1401.1944444444446
1401.1944444444446
1391.1944444444446
1401.1944444444446
1411.1944444444446
1401.1944444444446
1391.1944444444446
1381.1944444444446
1371.1944444444446
1361.1944444444446
1371.1944444444446
1381.1944444444446
1401.1944444444446
1381.1944444444446
1371.1944444444446
1361.1944444444446
1371.1944444444446
1381.1944444444446
1391.1944444444446
1381.1944444444446
1391.1944444444446
1381.1944444444446
1361.1944444444446
1371.1944444444446
1381.1944444444446
1371.1944444444446
1361.1944444444446
1351.1944444444446
1371.1944444444446
1381.1944444444446
1376.1944444444446
1371.1944444444446
1371.1944444444446
1367.8611111111113
1365.8611111111113
1365.8611111111113
1375.8611111111113
1365.8611111111113
1315.8611111111113
1245.8611111111113
1215.8611111111113
1217.1111111111113
1216.1111111111113
